15.404242277145386
38.16190218925476
3.6235601902008057
2.4786548614501953
106.17478561401367
59.30627226829529
160.72412848472595
4.415390253067017
18.705007791519165
7.684905529022217
31.31188726425171
286.5519495010376
50.24704623222351
24.64817976951599
21.28851890563965
3.8861801624298096
154.9931399822235
18.380633115768433
20.527824878692627
43.48959183692932
28.31371760368347
7.204781770706177
150.28785753250122
4.606369733810425
2.5561680793762207
111.00349068641663
47.745423555374146
8.052908420562744
14.708093881607056
9.627357959747314
46.917192697525024
140.0691316127777
8.454359292984009
19.417041778564453
7.379852533340454
3.789538860321045
4.13418984413147
14.269269227981567
8.837799072265625
36.69352602958679
5.649020195007324
27.15803575515747
20.164697885513306
15.159929513931274
43.78245186805725
13.57657527923584
7.9495017528533936
0.9388363361358643
5.910642862319946
89.79435157775879
2.9449756145477295
12.99059271812439
27.316229820251465
2.4660441875457764
14.753552675247192
9.781774759292603
7.0934693813323975
43.01411151885986
21.930431604385376
7.619538307189941
17.738988161087036
4.882838249206543
24.56961417198181
86.33126521110535
133.8995521068573
52.82241487503052
91.96891069412231
180.64479446411133
58.844736099243164
4.141932725906372
137.01203417778015
15.005874633789062
12.060006856918335
7.708886384963989
5.9200029373168945
101.6967043876648
4.172140836715698
141.92034029960632
26.75688648223877
26.82601499557495
43.87894582748413
8.22127366065979
2.8384482860565186
17.5372211933136
358.58648014068604
67.84606504440308
12.164424419403076
22.72860884666443
124.32000589370728
12.44209599494934
97.95385193824768
43.76321029663086
9.981489181518555
27.02362871170044
0.8619532585144043
88.79505038261414
21.69415593147278
3.840244770050049
48.83078050613403
49.59642958641052
1.6490626335144043
18.604750871658325
91.44662046432495
16.854663133621216
65.76206398010254
34.292933225631714
100.92309331893921
121.66220140457153
69.55093336105347
72.64032077789307
6.889446973800659
0.793449878692627
26.55590033531189
16.653191566467285
15.387631893157959
8.192883968353271
7.977235794067383
2.9095304012298584
47.22688674926758
31.23340892791748
50.533313512802124
60.473479986190796
5.2927634716033936
30.020897150039673
19.680003881454468
75.74666285514832
149.09241461753845
11.642578840255737
6.9525885581970215
47.56025290489197
51.50849890708923
64.55052089691162
3.67702579498291
46.889899492263794
43.282957315444946
69.93849420547485
5.286293983459473
4.7703857421875
24.951481580734253
33.23052978515625
32.40867042541504
3.6581428050994873
20.816405057907104
3.4192092418670654
78.2432918548584
37.21525192260742
34.15969252586365
167.95539903640747
10.822458028793335
30.25501775741577
59.10324263572693
253.1326789855957
1.0202877521514893
168.15499448776245
6.990525484085083
12.420487403869629
127.68611931800842
165.96466302871704
85.32856702804565
181.7948293685913
4.398633003234863
106.17565059661865
86.3590247631073
31.00940179824829
52.64079523086548
8.927156925201416
3.414548397064209
66.027414560318
8.927813291549683
25.728945016860962
102.08084630966187
130.74167561531067
104.96058702468872
54.893054485321045
15.957630634307861
11.922314643859863
14.226044178009033
99.9296064376831
69.78677463531494
156.62988924980164
7.229054689407349
5.657113552093506
32.59921669960022
26.29318618774414
31.108572721481323
85.61878108978271
86.40135788917542
35.20247006416321
19.1359384059906
90.28787088394165
221.12040376663208
35.20770215988159
27.48606777191162
2.8367135524749756
14.639501810073853
33.832666635513306
34.351330280303955
22.39849066734314
96.23183751106262
17.901875257492065
25.863356828689575
55.6195752620697
113.48612189292908
24.754679203033447
29.75260829925537
56.685920000076294
62.92895722389221
18.14689564704895
95.8783495426178
8.483120441436768
258.11675930023193
7.926944255828857
106.01642608642578
13.972561836242676
3.071136474609375
56.696335315704346
42.226053953170776
31.28896188735962
4.455617189407349
95.09908509254456
3.911445140838623
51.059245109558105
55.484549045562744
8.316218614578247
30.28145933151245
15.491367816925049
3.0354058742523193
15.311156272888184
7.0986244678497314
81.26396989822388
68.78264331817627
31.2907452583313
3.10243558883667
23.684295654296875
105.64382839202881
2.1910314559936523
258.18610978126526
5.582782983779907
6.73340106010437
90.47522020339966
20.203158617019653
133.91781067848206
6.538243770599365
42.053327560424805
51.54000949859619
34.91253185272217
35.308839321136475
58.00592875480652
255.23707509040833
20.612865447998047
39.63378858566284
17.355312824249268
33.25195240974426
12.455779314041138
3.2196905612945557
9.223647356033325
10.679283618927002
134.0732033252716
71.61558103561401
37.33220386505127
3.488346815109253
9.024855136871338
54.59910988807678
62.38766098022461
22.5506432056427
77.45806288719177
50.259639739990234
1.8515796661376953
46.60424280166626
5.244808197021484
17.583295106887817
61.627264738082886
23.654124975204468
32.76378679275513
76.97858548164368
25.664406538009644
57.31042242050171
51.76007866859436
31.75781273841858
68.3920214176178
40.64244341850281
1.9924428462982178
62.06492280960083
9.536932229995728
37.44580149650574
195.9402256011963
54.30822396278381
21.0862135887146
85.8459734916687
2.940584659576416
57.114267349243164
115.43616366386414
0.7902266979217529
7.068887710571289
36.76844024658203
14.259039878845215
28.431508779525757
16.877219915390015
3.623677968978882
6.053948879241943
1.0690598487854004
21.106743574142456
129.60178756713867
18.548170804977417
40.68059802055359
35.180880069732666
37.436875343322754
18.904958248138428
2.2188830375671387
0.9655554294586182
5.360024452209473
9.204568147659302
54.637789249420166
13.949758291244507
46.35972046852112
138.44828534126282
8.6807701587677
0.9099180698394775
3.1615583896636963
11.83739423751831
0.8905394077301025
87.89229440689087
249.3800506591797
14.016287803649902
61.17007255554199
8.341601848602295
68.8897008895874
14.14841365814209
40.61212921142578
4.599809885025024
14.461639165878296
119.18184399604797
18.87489414215088
6.104385614395142
2.552252769470215
15.294628143310547
2.4734537601470947
6.308353662490845
15.960842609405518
2.607527256011963
7.809042692184448
87.06154942512512
107.02547836303711
106.46326184272766
205.45226216316223
30.175782680511475
30.893977880477905
13.618719100952148
50.49455714225769
10.200071811676025
102.35950088500977
13.82970142364502
115.60062599182129
6.641229152679443
41.05072331428528
229.40988898277283
99.94279289245605
2.640868663787842
0.7312333583831787
36.50513219833374
5.974584341049194
103.27473664283752
25.164225339889526
244.16447520256042
10.966310501098633
15.713795185089111
6.484644412994385
85.10938429832458
71.06753969192505
119.72316217422485
9.914138793945312
65.2782371044159
44.31443738937378
151.53420329093933
2.7753965854644775
0.7608170509338379
7.814595460891724
34.871257305145264
158.88619422912598
7.242027759552002
37.73472023010254
36.49601626396179
82.17200565338135
127.65792393684387
43.839574337005615
60.96430468559265
5.238317012786865
114.29111933708191
57.79233360290527
97.48815488815308
131.99891090393066
3.5312299728393555
4.887168884277344
8.624970197677612
8.173088073730469
27.541677713394165
404.5184078216553
5.934821128845215
14.768199443817139
85.1759946346283
79.6140661239624
98.02434253692627
32.22203350067139
30.381396770477295
177.35721731185913
4.299923896789551
18.929651498794556
73.05721092224121
2.581362009048462
9.449389934539795
58.59626507759094
10.27631139755249
104.44890332221985
104.4821994304657
67.78070092201233
104.97907423973083
16.69551658630371
100.85856652259827
9.211230278015137
23.84177851676941
164.36528205871582
23.373032569885254
16.038285970687866
22.915191888809204
5.904700517654419
294.61967515945435
31.716033697128296
124.82753324508667
38.11659240722656
1.3836123943328857
12.444963693618774
68.61371946334839
238.2208013534546
181.1444661617279
3.9813127517700195
111.01904678344727
72.5052855014801
191.20645666122437
54.39026975631714
5.0997092723846436
155.96244049072266
9.540326356887817
1.9817392826080322
13.258829832077026
137.98578119277954
64.16204857826233
13.34930157661438
46.505106687545776
50.68815851211548
92.07438969612122
0.8848774433135986
82.39829730987549
42.224937915802
165.75005674362183
15.583951473236084
58.36830759048462
166.6791648864746
57.061888694763184
8.650164365768433
12.956966161727905
1.1030497550964355
54.251518964767456
32.191038370132446
3.6613962650299072
1.1159942150115967
8.249868392944336
1.1307504177093506
69.34586668014526
74.83887052536011
2.8890552520751953
37.79931640625
4.188819885253906
5.340744256973267
4.423808336257935
23.448567628860474
3.758662223815918
0.842975378036499
7.537013053894043
8.19913935661316
5.014331340789795
33.766300439834595
5.902452707290649
4.538110733032227
2.5075182914733887
68.47548007965088
44.768842458724976
10.63063669204712
13.906691789627075
8.509992837905884
6.591512203216553
5.931722402572632
0.7449746131896973
11.424723148345947
2.33693790435791
0.8978574275970459
10.099891662597656
34.85804104804993
22.22829270362854
1.172842025756836
10.111987113952637
1.1235237121582031
3.7052910327911377
4.576976299285889
3.772397756576538
1.094419240951538
3.745924234390259
31.452141046524048
0.6977038383483887
3.353123903274536
6.888579845428467
8.650549411773682
1.1806597709655762
50.19456958770752
4.221877098083496
1.0673713684082031
5.8894805908203125
58.1289541721344
30.47506833076477
47.01128816604614
3.4156723022460938
7.105422019958496
106.9137601852417
36.7378306388855
17.164473295211792
10.452003002166748
3.589630126953125
11.742224931716919
7.903071880340576
2.1174912452697754
4.667654275894165
0.7298843860626221
2.4723074436187744
2.6400327682495117
5.708669424057007
5.905061721801758
6.162163734436035
24.889568328857422
12.201257944107056
2.139373779296875
9.124972343444824
10.147905826568604
21.38286280632019
20.632190942764282
15.347011089324951
5.257136344909668
0.7490482330322266
6.897862911224365
2.6579065322875977
12.111301898956299
4.51690673828125
2.005451202392578
1.6485509872436523
8.190097570419312
30.59852695465088
18.245498657226562
11.030710697174072
34.56300759315491
3.411487340927124
10.80134391784668
19.04240870475769
47.82284140586853
25.341481685638428
132.26956510543823
43.916467905044556
67.39662289619446
133.19487404823303
8.51867127418518
47.06576681137085
0.8537721633911133
2.184945583343506
73.8349404335022
22.216092348098755
4.755534410476685
8.384470462799072
42.179341554641724
2.9576034545898438
49.004045248031616
18.490790128707886
60.26637101173401
2.6003060340881348
27.6733341217041
6.388298511505127
95.67957901954651
1.546645164489746
0.9446640014648438
6.648648262023926
22.83581042289734
7.33426833152771
25.761805534362793
56.5072455406189
33.074464082717896
55.085206747055054
101.77178478240967
3.432352304458618
1.1557605266571045
4.189449071884155
66.48745584487915
99.24175000190735
3.781467914581299
10.44423222541809
12.698957204818726
10.091691732406616
165.69474458694458
76.24982118606567
61.36692667007446
36.069133281707764
9.187262296676636
29.319912433624268
73.7360782623291
9.19436764717102
6.763962984085083
60.57863783836365
11.311060667037964
33.31014943122864
70.55206513404846
87.51852178573608
3.683307647705078
12.901971340179443
5.176074504852295
71.69078707695007
19.57004976272583
10.370017766952515
4.600642681121826
64.99167490005493
9.971963167190552
1.0058233737945557
14.775688409805298
21.620190382003784
130.1835720539093
9.472662210464478
3.5585737228393555
12.626667261123657
42.177151679992676
16.86081337928772
48.850367069244385
13.505806684494019
7.312212944030762
26.24793815612793
4.978620290756226
2.5868215560913086
0.991692304611206
7.764110565185547
3.306952714920044
8.837751388549805
0.900181770324707
208.7803373336792
120.88050675392151
26.526091814041138
11.351426362991333
7.2694525718688965
10.1733238697052
1.597637414932251
34.554555892944336
2.6728320121765137
55.74486470222473
69.48248600959778
9.024208784103394
18.19594097137451
1.0381028652191162
11.04740858078003
38.92020916938782
8.113629579544067
12.256736755371094
4.079362392425537
7.5668487548828125
5.271533012390137
2.565204381942749
4.862187147140503
3.9696171283721924
4.397830247879028
1.6628227233886719
8.53989315032959
24.938970804214478
3.341604471206665
95.84377121925354
4.518993616104126
4.245876312255859
7.24470853805542
0.6949234008789062
2.3142833709716797
0.8144762516021729
6.143704891204834
20.47751259803772
24.498655080795288
3.8953588008880615
6.4169862270355225
3.5605711936950684
18.31573796272278
1.1359834671020508
52.22727918624878
5.249282360076904
70.40438914299011
12.456069231033325
11.488272905349731
21.937955141067505
54.16061854362488
5.527707099914551
30.73271870613098
22.542651176452637
24.883848190307617
23.3013699054718
56.86753177642822
19.519343852996826
45.35191893577576
8.54828953742981
1.5774352550506592
16.56891679763794
12.04340147972107
6.987097501754761
1.1865172386169434
16.101989269256592
8.48645567893982
18.076805114746094
10.30397629737854
3.114543914794922
1.4049224853515625
3.5312163829803467
7.491635084152222
6.5226194858551025
3.3399651050567627
14.959792852401733
29.705392599105835
49.62001633644104
7.018574953079224
20.2742862701416
2.320559501647949
17.02417778968811
3.2602994441986084
25.24611186981201
20.429145574569702
5.114606857299805
3.9199905395507812
1.1737725734710693
8.827157497406006
25.759066343307495
73.29199981689453
7.076006174087524
50.43082046508789
3.7310028076171875
1.1552999019622803
4.729834318161011
9.428772687911987
18.627397298812866
4.612710237503052
26.5193772315979
38.787558794021606
35.49195098876953
14.871667385101318
4.27379035949707
29.779004335403442
94.33319854736328
6.481769561767578
75.90645408630371
47.3970103263855
2.7318525314331055
4.874677419662476
29.09649920463562
26.973782539367676
10.185767650604248
1.9176626205444336
30.38458228111267
20.638026475906372
1.7370283603668213
2.2962989807128906
40.10844445228577
27.346787214279175
21.34302592277527
17.655064582824707
27.39056134223938
8.46937608718872
51.490416288375854
3.3911547660827637
31.342320203781128
6.884459495544434
3.0845119953155518
82.02187037467957
4.591010332107544
12.659196138381958
20.606574535369873
40.228774547576904
134.97749948501587
3.8056092262268066
18.710602283477783
15.173230171203613
21.450649976730347
9.064255714416504
11.81860876083374
10.334904909133911
15.75077199935913
15.62897777557373
3.0925941467285156
24.921914100646973
46.7439181804657
3.668139934539795
138.0896852016449
2.6703927516937256
41.74794363975525
15.491398096084595
6.3226869106292725
6.143661975860596
129.0452094078064
45.70187520980835
12.581329345703125
5.230114936828613
1.063462734222412
103.72200870513916
40.82269239425659
27.916590690612793
9.91958498954773
89.32326006889343
7.832827806472778
60.42169642448425
4.130584955215454
18.778923988342285
10.454711437225342
0.9419155120849609
4.98865270614624
46.211507081985474
160.63016510009766
9.362854242324829
2.3039019107818604
6.8749871253967285
4.478683710098267
4.455868244171143
2.28690242767334
7.280621290206909
2.4180798530578613
22.085812091827393
43.06049060821533
3.85962176322937
5.018248796463013
11.182316064834595
28.074787616729736
24.833592653274536
4.245846748352051
1.1108880043029785
15.759166955947876
4.476804971694946
21.080082416534424
5.67531943321228
1.1803429126739502
5.597590208053589
91.31477856636047
25.031916856765747
58.529977321624756
10.70988917350769
1.043936014175415
76.11927676200867
13.43258547782898
20.39795422554016
17.864766120910645
26.639827013015747
72.39294695854187
11.722667455673218
1.0446200370788574
25.27176547050476
195.5634286403656
2.8498127460479736
0.8062982559204102
2.9475367069244385
43.97380590438843
55.75034737586975
14.754318952560425
25.3168842792511
29.320095539093018
42.03928256034851
98.1393814086914
8.024676084518433
7.16293478012085
83.30946493148804
34.62028670310974
13.898146390914917
215.29706931114197
5.255719900131226
0.9117786884307861
5.006792783737183
95.26146006584167
5.036018371582031
9.24143123626709
9.422529935836792
2.6184654235839844
14.52344560623169
28.630093097686768
30.390352725982666
1.3022000789642334
25.249722719192505
20.604451894760132
10.297821521759033
6.21229362487793
6.780528783798218
2.2601511478424072
22.123579025268555
0.7922680377960205
25.126351356506348
35.42975687980652
2.0232739448547363
3.517415761947632
15.436255693435669
3.6900579929351807
5.806607246398926
8.478813648223877
37.46872019767761
58.31211280822754
4.6838366985321045
22.662421226501465
72.25760316848755
34.60575532913208
2.7325034141540527
106.91396975517273
5.9300713539123535
20.762051105499268
9.198825120925903
24.499178647994995
23.986193656921387
9.682037591934204
42.579712867736816
30.585354566574097
5.555014610290527
3.0854973793029785
2.9904768466949463
6.995778799057007
14.094434022903442
2.1707046031951904
59.25916123390198
2.7567412853240967
8.41055965423584
0.7567653656005859
4.995903015136719
5.297666788101196
18.949413776397705
8.349720478057861
15.544456481933594
14.315575361251831
72.67602920532227
9.960638046264648
4.3413543701171875
8.752239465713501
163.02324271202087
27.575379610061646
26.287882089614868
7.844499826431274
7.8669116497039795
33.5422101020813
73.33279371261597
0.9303088188171387
43.17135047912598
7.752995729446411
20.79533314704895
79.17186570167542
4.646405935287476
5.968025207519531
9.947031497955322
3.538378953933716
6.2686402797698975
4.299961566925049
9.07672119140625
33.49093985557556
29.889524936676025
7.655602931976318
45.37674880027771
6.922064304351807
114.31916427612305
10.69208812713623
21.11589789390564
15.516677856445312
2.86818265914917
52.77647638320923
32.319252729415894
40.31336736679077
23.909573078155518
6.771961212158203
2.872738838195801
4.0001819133758545
0.8084838390350342
4.482129812240601
37.54768657684326
3.189183473587036
2.373051881790161
26.655821084976196
13.328418016433716
15.520218849182129
3.0048022270202637
34.10374975204468
5.883295774459839
11.275957107543945
23.809369802474976
3.5329203605651855
81.88077735900879
16.891249656677246
23.64360499382019
3.5340943336486816
48.17324757575989
5.114681005477905
0.917680025100708
11.943796157836914
43.48512625694275
6.907159805297852
30.672925233840942
54.42780065536499
3.2194955348968506
9.685846328735352
9.464712858200073
5.425758123397827
11.204651832580566
0.8478903770446777
2.486506700515747
7.010746479034424
17.780178546905518
2.0728650093078613
15.698527812957764
59.28261876106262
5.509464263916016
4.034466028213501
11.514071226119995
11.01169228553772
4.934795379638672
24.311331510543823
115.40396213531494
6.2425596714019775
4.4958906173706055
1.208444595336914
14.05415654182434
9.10983943939209
32.18070077896118
31.641870498657227
3.541280746459961
5.693454265594482
6.1529481410980225
98.26210117340088
0.9957149028778076
9.349581480026245
21.431722402572632
8.872613191604614
41.34634876251221
11.083785057067871
13.370821952819824
0.7762558460235596
